41 81 113 351 353 356 458 563 
41 113 191 299 351 353 458 563 635 663 948 
41 113 191 351 353 356 458 563 
41 113 351 353 356 458 563 
41 113 351 353 356 458 563 655 
41 163 356 458 563 663 948 
41 299 356 458 563 635 663 948 
41 351 353 356 458 563 
41 353 356 371 395 458 553 563 
41 353 356 371 458 553 563 
41 353 356 458 553 563 
41 353 356 458 563 
41 356 458 
41 356 458 563 
41 356 458 563 635 663 806 948 
41 356 458 563 635 663 948 
41 356 458 563 663 
41 356 458 563 663 948 
45 63 142 177 194 312 320 335 
45 63 142 194 312 320 335 
45 63 142 312 320 335 
45 63 312 320 335 
45 63 312 335 
49 993 1100 1148 
49 1100 1127 1148 
49 1100 1148 
50 174 313 395 426 450 481 744 1041 
50 313 353 371 395 426 450 553 744 1041 
50 313 371 395 426 450 553 744 1041 
50 313 371 395 426 450 744 1041 
50 313 383 395 426 450 744 1041 
50 313 390 395 426 450 744 753 970 1041 
50 313 390 395 426 450 744 970 1041 
50 313 390 395 426 450 744 1041 
50 313 395 426 450 481 744 1041 
50 313 395 426 450 744 1041 
50 323 390 426 479 480 753 970 
52 334 485 589 688 841 1108 1153 
53 68 88 139 232 294 622 641 
53 68 139 232 239 622 641 1161 
53 68 139 232 294 454 622 641 
53 68 139 232 294 622 641 
53 68 139 232 384 622 641 1161 
53 68 139 232 622 641 
53 68 139 232 622 641 1161 
53 139 232 445 622 641 
53 139 232 622 641 
53 232 622 641 
63 127 312 335 
63 312 335 
70 164 167 232 282 303 622 641 
70 167 232 282 303 622 641 
70 167 232 282 622 641 
70 167 232 622 641 
71 589 597 676 841 1055 1096 1108 
71 589 597 841 1055 1096 1108 
71 597 676 693 703 767 774 917 1053 
71 676 693 703 767 774 917 1053 
74 254 387 405 
74 254 387 405 470 498 771 1046 
74 254 387 405 470 616 1046 
74 254 387 405 470 616 1046 1108 
74 254 387 405 470 682 985 1046 
74 254 387 405 470 771 1046 
74 254 387 405 470 985 1046 
74 254 387 405 470 1046 
74 254 387 405 989 1085 
74 254 387 405 989 1085 1130 
74 254 387 405 1046 
74 254 387 405 1049 
74 254 387 405 1085 
74 254 387 405 1085 1130 
74 254 387 405 1130 
77 114 117 123 285 290 433 531 
77 117 123 222 285 290 531 795 
77 117 123 285 290 531 795 
77 222 285 460 531 620 802 
77 285 460 531 620 802 
77 285 461 531 620 636 802 897 
81 113 169 191 299 351 353 563 635 663 948 
81 113 191 299 351 353 466 563 635 663 948 
81 113 191 299 351 353 563 635 663 948 
81 114 117 123 169 433 839 957 
81 117 123 169 290 795 839 957 
107 252 257 475 491 584 677 990 1040 
107 252 257 475 491 584 677 1040 
107 256 257 342 475 491 584 677 857 1040 
107 257 267 393 475 491 584 609 675 677 1040 
107 257 267 475 491 584 677 1040 
107 257 342 475 491 584 677 857 1040 
107 257 393 475 491 584 609 675 677 857 1040 
107 257 393 475 491 584 609 675 677 858 1040 
107 257 393 475 491 584 609 675 677 862 1040 
107 257 393 475 491 584 609 675 677 1040 
107 257 393 475 491 584 677 1040 
107 257 393 491 584 609 675 
107 257 393 491 609 675 
107 257 475 491 497 516 584 670 677 1040 
107 257 475 491 516 584 670 677 847 1040 
107 257 475 491 516 584 670 677 1040 
107 257 475 491 516 584 677 1040 
107 257 475 491 584 609 677 837 1040 
107 257 475 491 584 609 677 1040 
107 257 475 491 584 677 683 1040 
107 257 475 491 584 677 857 1040 
107 257 475 491 584 677 1040 
107 491 584 609 675 677 837 862 
107 491 584 609 675 837 862 
107 491 609 675 837 862 
112 401 526 576 600 610 692 1106 
113 163 191 299 351 353 563 635 663 948 
113 191 281 299 351 353 563 635 655 663 948 
113 191 287 299 351 353 563 635 663 825 948 
113 191 299 351 353 356 458 563 635 663 948 
113 191 299 351 353 371 553 563 635 663 948 
113 191 299 351 353 458 563 635 663 948 
113 191 299 351 353 464 563 635 663 948 
113 191 299 351 353 538 563 635 655 663 948 
113 191 299 351 353 553 563 635 663 948 
113 191 299 351 353 563 635 655 663 948 
113 191 299 351 353 563 635 663 806 948 
113 191 299 351 353 563 635 663 825 948 
113 191 299 351 353 563 635 663 948 
114 117 123 169 433 839 957 
114 117 123 169 433 839 957 1031 
114 117 123 285 290 433 531 
114 117 123 290 370 627 705 795 
114 117 123 290 370 627 795 
114 117 123 290 370 795 
114 117 123 290 433 
114 117 123 290 433 460 531 802 
114 117 123 290 433 531 
114 117 123 290 433 531 620 802 
114 117 123 290 433 531 802 
114 117 123 290 460 531 620 802 
114 117 123 290 795 
114 117 123 433 
114 117 123 433 443 540 839 957 
114 117 123 433 443 551 839 957 
114 117 123 433 443 839 957 
114 117 123 433 839 957 
114 117 123 433 957 
114 123 209 224 385 429 433 459 
114 123 209 224 385 433 459 
114 123 209 224 385 433 459 717 
114 123 209 224 433 459 
114 123 209 433 
114 123 209 433 459 
114 123 209 433 1022 
114 123 236 370 433 627 705 747 
114 123 348 433 446 
114 123 370 433 
114 123 370 433 627 
114 123 370 433 627 705 
114 123 370 433 627 705 747 
114 123 433 
114 123 433 446 
114 123 433 795 
117 123 169 290 795 839 957 
117 123 169 290 795 839 957 1031 
117 123 178 290 460 531 795 802 
117 123 209 224 290 385 459 795 
117 123 209 224 290 459 795 
117 123 209 290 459 795 
117 123 209 290 460 531 620 802 
117 123 209 290 795 
117 123 209 290 795 1022 
117 123 285 290 531 795 
117 123 290 348 433 446 795 
117 123 290 433 446 795 
117 123 290 433 460 531 620 802 
117 123 290 433 795 
117 123 290 443 540 795 839 957 
117 123 290 443 551 795 839 957 
117 123 290 443 795 839 957 
117 123 290 460 531 620 802 
117 123 290 460 531 795 802 
117 123 290 531 620 636 795 802 
117 123 290 531 620 795 802 
117 123 290 531 795 
117 123 290 531 795 802 
117 123 290 795 
117 123 290 795 839 957 
117 123 290 795 957 
117 290 460 531 620 802 
117 290 460 531 620 802 839 957 
117 290 460 531 620 802 957 
117 290 461 531 620 636 802 897 
126 159 272 528 
159 272 449 528 
159 272 528 
167 232 361 622 641 
167 232 622 641 
178 364 460 461 620 636 897 
178 364 460 620 802 
178 460 461 620 636 897 
178 460 620 802 
232 622 641 
232 622 641 977 
252 257 393 475 491 609 675 
252 257 393 475 491 609 675 837 862 
252 257 393 475 491 609 675 837 862 990 
252 257 393 475 491 609 675 990 
254 405 470 589 616 841 1046 1108 
256 342 381 483 517 677 857 999 
256 342 381 483 517 857 999 
256 342 381 483 517 999 
256 381 483 517 999 
257 393 462 491 609 675 862 
257 393 475 491 497 516 609 670 675 
257 393 475 491 516 609 670 675 
257 393 475 491 516 609 670 675 837 862 
257 393 475 491 516 609 670 675 847 
257 393 475 491 516 609 675 
257 393 475 491 516 609 675 837 862 
257 393 475 491 609 675 
257 393 475 491 609 675 837 862 
257 393 475 491 609 675 837 862 1040 
257 393 475 491 609 675 1040 
257 393 491 609 675 
257 393 491 609 675 683 
257 393 491 609 675 837 
257 393 491 609 675 837 862 
257 393 491 609 675 858 
257 393 491 609 675 862 
262 422 431 590 595 614 617 773 784 928 
262 422 580 595 603 614 617 773 784 924 
262 422 580 595 603 784 924 1003 
262 422 580 595 614 617 773 784 
262 422 580 595 614 617 773 784 829 
262 422 580 595 614 617 773 784 829 924 
262 422 580 595 614 617 773 784 829 1003 
262 422 580 595 614 617 773 784 924 
262 422 580 595 614 617 773 784 1003 
262 422 580 595 614 617 773 784 1003 1004 
262 422 580 595 784 829 924 1003 
262 422 580 595 784 924 1003 
262 422 580 595 784 924 1003 1061 
262 422 580 603 784 924 1003 
262 422 580 603 924 1003 
262 422 580 784 924 1003 
262 422 580 924 1003 
262 422 590 595 614 617 773 784 845 928 
262 422 590 595 614 617 773 784 928 
262 422 595 607 614 617 773 784 928 
262 422 595 614 617 773 784 
262 422 595 614 617 773 784 829 
262 422 595 614 617 773 784 913 1054 1061 
262 422 595 614 617 773 784 928 
262 422 595 614 617 773 784 1054 1061 
262 422 595 614 617 773 784 1061 
262 580 590 617 773 924 928 1003 
262 580 603 614 617 773 924 1003 
262 580 603 617 773 924 928 1003 
262 580 603 617 773 924 1003 
262 580 603 773 924 1003 
262 580 603 924 1003 
262 580 607 617 773 924 928 1003 
262 580 614 617 773 924 1003 
262 580 617 773 924 928 1003 
262 580 617 773 924 1003 
262 580 773 924 1003 
262 580 924 1003 
274 637 711 964 982 1119 1121 
274 639 964 982 1121 
274 711 964 982 1119 1121 
274 711 964 982 1121 
274 964 982 1059 1121 
274 964 982 1121 
277 377 529 532 631 709 953 1076 1083 
277 377 529 532 709 953 1076 1083 
280 324 752 797 810 950 994 1079 1094 
280 324 752 797 1030 1079 1094 
280 324 752 810 820 950 994 1079 
280 324 752 810 950 994 1007 1079 
280 324 752 810 950 994 1030 1079 1094 
280 324 752 810 950 994 1079 
280 324 752 810 950 994 1079 1094 
280 324 752 810 950 994 1079 1142 
285 460 531 620 802 
285 461 531 620 636 802 897 
286 288 532 629 698 704 724 801 809 953 1015 1076 
286 345 532 629 698 704 724 801 809 953 1015 1076 
286 377 532 629 698 704 724 801 809 953 1015 1076 
286 529 629 709 801 953 1015 1076 1083 
286 529 709 801 953 1015 1076 1083 
286 529 709 801 953 1076 1083 
286 529 709 953 1076 1083 
286 532 629 698 704 709 724 801 809 953 1015 1076 
286 532 629 698 704 724 801 809 953 1015 1017 1076 
286 532 629 698 704 724 801 809 953 1015 1027 1076 
286 532 629 698 704 724 801 809 953 1015 1076 
286 532 629 698 704 724 801 809 953 1015 1076 1083 
286 532 629 698 704 724 801 809 953 1015 1076 1145 
289 447 556 646 804 1112 1114 
289 447 638 804 1112 1114 
289 447 646 804 1112 1114 
289 447 804 1112 1114 
290 460 531 620 795 802 
290 460 531 620 802 
290 461 531 620 636 795 802 897 
290 461 531 620 636 802 897 
300 354 530 555 712 945 1072 1086 1115 
300 530 555 624 712 945 1072 1086 1115 
300 530 555 712 945 1072 1086 1115 
300 555 712 805 945 1086 
300 555 712 945 1072 1086 1115 
300 555 712 945 1086 
300 555 712 945 1086 1115 
300 555 712 945 1086 1115 1149 
300 555 712 945 1086 1124 
300 555 805 945 1115 
309 742 922 955 1147 
310 323 479 480 
323 390 426 479 480 744 753 970 
323 390 426 479 480 753 970 
323 390 479 480 753 970 
323 434 444 479 480 753 893 996 
323 444 479 480 753 893 996 
323 479 480 
323 479 480 679 684 699 753 893 
323 479 480 684 699 753 893 
323 479 480 699 753 768 893 
323 479 480 699 753 768 893 910 
323 479 480 699 753 893 
323 479 480 745 
323 479 480 753 
323 479 480 753 893 
323 479 480 753 893 996 
323 479 480 753 970 
324 752 797 820 1030 1079 1094 
324 752 797 1030 1079 1094 
324 797 1030 1079 1094 
328 381 483 517 999 
334 485 589 688 841 975 1108 1153 
334 485 589 688 841 1108 1153 
343 483 517 999 
344 421 589 841 931 1055 1096 1108 
344 421 589 841 1055 1096 1108 
344 589 680 841 1055 1096 1108 
344 589 841 1055 1096 1108 
345 354 530 624 814 881 1102 1110 
345 529 532 704 709 809 953 1076 1083 
354 530 624 814 859 881 1102 1110 
354 530 624 814 881 1102 1110 
354 530 624 817 881 1102 
354 530 624 881 1102 
354 530 624 881 1102 1110 
354 530 805 814 945 1072 1110 1115 
354 530 805 817 945 1072 1115 
354 530 805 945 1072 1110 1115 
354 530 805 945 1072 1115 
377 529 532 709 953 1075 1076 1083 
377 529 532 709 953 1076 1083 
381 392 483 517 999 
381 483 517 999 
387 405 470 498 771 1046 1052 1130 
387 405 470 498 771 1046 1130 
387 405 470 589 616 841 1046 1108 
387 405 470 589 616 1046 1108 1130 
387 405 470 616 841 1046 1108 1130 
387 405 470 616 1046 1108 1130 
387 405 470 616 1046 1130 
387 405 470 682 985 1046 1130 
387 405 470 771 1046 1130 
387 405 470 985 1046 1130 
387 405 470 1046 1130 
387 405 1046 1130 
387 405 1049 1130 
387 405 1130 
393 609 675 837 862 
399 404 535 559 634 
399 404 535 559 634 1129 
399 404 535 634 
399 404 535 634 659 
401 425 576 600 610 618 692 
401 425 576 600 610 618 692 1062 
401 514 576 600 610 618 628 692 
401 526 576 600 610 692 912 1106 
401 526 576 600 610 692 1106 
401 576 600 610 618 628 691 692 
401 576 600 610 618 628 692 
401 576 600 610 618 628 692 1064 
401 576 600 610 618 692 
401 576 600 610 618 692 849 
401 576 600 610 692 
401 576 600 610 692 1106 
401 576 600 692 
404 492 535 634 751 
404 535 634 
404 535 634 751 
405 470 589 616 841 1046 1049 1108 
405 470 589 616 841 1046 1108 
405 470 589 616 841 1046 1108 1130 
410 431 590 595 614 617 829 928 
412 608 686 693 703 767 774 871 1053 
412 608 785 794 850 871 1047 1099 
412 686 687 693 694 703 774 781 
412 686 693 703 767 774 871 1053 
412 686 693 703 767 774 1053 
422 595 614 784 829 
425 610 618 794 850 863 1062 1099 
425 618 628 794 850 863 1062 1099 
425 618 794 849 850 863 1062 1099 
425 618 794 850 863 1062 1099 
425 794 850 863 1062 1099 
427 901 1113 1122 
427 901 1113 1122 1143 
427 901 1122 
431 590 595 614 617 829 928 
460 461 620 636 802 
460 461 620 636 897 
460 531 620 802 
460 620 630 636 802 
460 620 636 802 
460 620 636 802 897 
460 620 802 
461 531 620 636 802 897 
461 620 636 802 897 
461 620 636 897 
461 630 636 897 
461 636 897 
462 609 675 837 862 
470 498 589 616 771 841 1052 1108 
470 498 589 616 771 841 1108 
470 589 616 682 841 985 1108 
470 589 616 771 841 1108 
470 589 616 841 985 1108 
470 589 616 841 1046 1108 
470 589 616 841 1108 
476 742 788 922 955 1093 1147 
476 742 922 955 1093 1147 
483 517 999 
485 496 502 589 597 688 766 841 906 916 1055 1096 1153 
485 496 589 688 841 906 1108 1153 
485 496 589 688 841 1108 1153 
485 589 688 841 1108 1153 
485 589 841 1108 
485 589 841 1108 1153 
491 609 675 683 837 862 
491 609 675 837 862 
502 589 597 841 916 1055 1096 1108 
529 532 704 709 724 809 953 1076 1083 
529 532 704 709 809 953 1076 1083 
529 532 709 809 953 1076 1083 
529 532 709 953 1076 1083 
529 709 953 1076 1083 
530 555 624 881 945 1072 1102 1115 
530 624 664 805 881 945 1072 1115 
530 624 805 881 939 945 1072 1115 
530 624 805 881 945 1072 1115 
530 624 805 881 1072 1102 1115 
530 624 805 945 1072 1102 1115 
530 624 805 945 1072 1115 
530 624 881 945 1072 1086 1102 1115 
530 624 881 945 1072 1102 1115 
530 624 881 1072 1102 
530 624 881 1072 1102 1115 
530 624 881 1072 1102 1115 1149 
530 624 881 1102 
530 805 945 1072 1115 
539 741 988 1018 
539 741 988 1018 1087 
539 988 1018 1087 1146 
539 988 1018 1146 
555 805 945 1115 
580 603 924 1003 
580 924 1003 
580 924 1003 1004 
589 597 841 916 1055 1096 1108 
589 597 841 1055 1096 1108 
589 616 841 1108 
589 841 1055 1089 1096 1108 
589 841 1055 1096 1108 
589 841 1096 1108 
589 841 1108 
590 595 614 617 829 845 928 
590 595 614 617 829 928 
595 607 614 617 829 928 
595 614 617 773 829 
595 614 617 829 
595 614 617 829 928 
595 614 784 829 
595 614 829 
595 614 829 913 1054 1061 
595 614 829 1054 1061 
595 614 829 1061 
603 924 1003 
603 924 1003 1004 
608 785 794 850 871 1047 1099 
608 785 794 850 1047 1099 
609 675 837 858 862 
609 675 837 862 
624 664 881 1102 
624 748 881 939 1102 
624 881 939 1102 
624 881 1102 
670 676 693 703 767 774 847 917 1053 
676 687 694 767 774 781 917 1053 
676 693 703 767 774 847 917 1053 
676 693 703 767 774 917 1053 
686 687 693 694 703 774 781 
686 687 693 694 703 774 781 992 
686 693 703 767 774 777 853 992 1053 
686 693 703 767 774 853 984 992 1053 
686 693 703 767 774 853 992 1053 
686 693 703 767 774 992 1053 
686 693 703 767 774 1053 
687 693 694 703 767 774 1053 
687 693 694 703 774 781 
687 693 694 774 781 
687 693 703 767 774 781 1053 
687 693 703 767 774 1053 
687 694 697 774 781 907 1053 
687 694 767 774 781 917 1053 
687 694 767 774 781 1053 
687 694 774 781 
687 694 774 781 907 1053 
687 694 774 781 1053 
687 694 781 
693 697 703 767 774 907 1053 
693 703 767 774 907 1053 
693 703 767 774 917 1053 
693 703 767 774 1053 
712 805 945 1086 1115 
741 803 988 1018 
741 988 1018 
741 988 1018 1068 
741 988 1018 1146 
742 922 955 959 1147 
742 922 955 1093 1147 
742 922 955 1147 
769 831 1034 
769 831 1034 1158 
779 794 823 850 1065 1099 
785 794 850 1047 1099 
794 823 846 850 981 1065 1099 
794 823 846 850 1065 1099 
794 823 850 1065 1099 
794 823 850 1065 1099 1136 
794 850 863 1062 1099 
794 850 863 1099 
794 850 1047 1099 
794 850 1065 1099 
794 850 1099 
797 810 950 994 1030 1079 1094 
797 950 994 1007 1030 1079 1094 
797 950 994 1030 1079 1094 
797 994 1030 1079 1094 
797 994 1030 1079 1094 1142 
797 1030 1079 1094 
797 1030 1094 
803 988 1018 1146 
805 945 1072 1115 
805 945 1086 1115 
805 945 1086 1115 1124 
805 945 1115 
805 945 1115 1149 
988 1018 1068 1146 
988 1018 1146 
